3654, 1124, 49, 2857, 1380, 1414, 4077, 3484, 1751, 1311, 1218, 263, 1317, 3144, 1056, 4002
3268, 2984, 858, 3307, 267, 1312, 1345, 329, 1359, 3979, 241, 248, 1741, 816, 3057, 1299
1940, 3106, 60, 3320, 424, 41, 2709, 2176, 1353, 3927, 2439, 2670, 2975, 3495, 2577, 2147
2384, 3435, 1358, 2651, 652, 2703, 2980, 2011, 2587, 3221, 2259, 232, 4037, 1221, 1531, 1882
231, 1591, 1106, 656, 1632, 3815, 2832, 2985, 3646, 1175, 1560, 2525, 574, 41, 577, 2958
3476, 1935, 1513, 32, 543, 397, 2043, 3130, 3618, 207, 3362, 3560, 1428, 797, 1346, 1659
2388, 2452, 2315, 4020, 2172, 1051, 2910, 1722, 2226, 374, 152, 2801, 415, 729, 1663, 3891
2664, 3177, 3924, 3207, 3574, 1871, 2241, 3097, 2078, 1507, 2561, 3506, 2304, 3907, 1070, 596
2263, 3385, 521, 339, 341, 3431, 2062, 2567, 3805, 2214, 1272, 124, 2943, 2936, 4015, 1511
2017, 3843, 623, 1495, 1619, 2864, 496, 3697, 276, 3057, 3108, 2580, 2868, 82, 3177, 1036
3467, 3698, 1375, 3808, 3033, 3437, 2280, 2742, 1555, 3552, 2866, 402, 2392, 2785, 1914, 313
2533, 2537, 1809, 56, 1305, 2305, 3753, 1581, 1267, 2765, 66, 39, 2847, 3243, 1075, 2219
2845, 2451, 1931, 1782, 1792, 115, 428, 3348, 3668, 3294, 3750, 1964, 1983, 1568, 2278, 420
9, 4087, 476, 1315, 2296, 134, 2896, 3563, 2899, 2962, 3603, 1651, 2109, 582, 3870, 858
3033, 1705, 2640, 730, 1821, 3068, 4078, 1393, 2266, 3732, 3357, 154, 1205, 1539, 574, 1214
1530, 1051, 2529, 3827, 1185, 1330, 3294, 4084, 196, 2801, 1639, 2306, 3384, 1413, 3164, 2321
3119, 1709, 3051, 844, 681, 3033, 2237, 2948, 2670, 1498, 3102, 3875, 3038, 3676, 993, 472
631, 3523, 203, 1816, 757, 3498, 1805, 953, 2203, 3444, 3259, 1491, 762, 2328, 3813, 3881
4037, 2768, 629, 622, 1706, 2866, 3570, 280, 268, 2576, 59, 3306, 2157, 1052, 3779, 2788
479, 3982, 509, 1236, 3384, 2314, 2190, 1492, 1662, 1353, 2983, 2424, 3681, 2700, 2209, 3622
1373, 2838, 149, 3079, 1608, 3719, 3359, 1877, 2200, 3418, 1087, 261, 374, 770, 3049, 854
657, 3558, 2090, 4041, 1776, 184, 1437, 3439, 1538, 325, 1767, 1123, 3025, 3977, 650, 302
2719, 799, 3381, 232, 422, 2644, 2109, 2622, 1966, 3196, 2883, 2341, 3967, 1837, 3195, 528
1299, 1189, 473, 3076, 1374, 1911, 2419, 2912, 2236, 90, 4035, 1165, 4067, 589, 1468, 2691
1388, 753, 2923, 1811, 3398, 936, 337, 1268, 36, 3221, 3609, 4003, 962, 2708, 435, 2261
3898, 909, 1241, 1176, 2820, 3660, 4088, 960, 3751, 4027, 2125, 3722, 521, 3593, 2317, 1909
251, 1144, 3720, 3649, 2080, 4058, 821, 2117, 3183, 335, 2024, 49, 3043, 2460, 2310, 2845
3369, 3552, 4021, 2093, 3116, 4013, 3053, 2771, 3945, 1082, 2398, 370, 580, 619, 2279, 831
1764, 1904, 384, 3844, 1866, 1205, 1865, 953, 1540, 3890, 1002, 488, 2254, 3312, 3333, 1527
2768, 3259, 3620, 1789, 3176, 2577, 464, 3025, 3659, 2862, 3395, 143, 3482, 1579, 974, 1150
3483, 1358, 898, 1253, 2564, 2764, 2206, 8, 2558, 3208, 496, 716, 2424, 3830, 2243, 1097
2993, 1767, 2886, 2073, 248, 3350, 1003, 3907, 2117, 302, 4051, 1503, 1881, 929, 2653, 1268
2288, 3551, 2521, 756, 2219, 631, 764, 681, 3839, 1261, 1397, 2168, 995, 3640, 3265, 3988
1311, 2055, 1965, 1559, 1309, 2968, 1371, 3426, 3271, 1326, 833, 1056, 2255, 3486, 2325, 447
2942, 750, 1203, 1065, 1382, 1968, 1747, 1125, 3229, 3144, 3293, 128, 2689, 2462, 20, 4000
421, 1985, 1464, 1731, 858, 2835, 1061, 33, 65, 1895, 1089, 2320, 1285, 3414, 2768, 131
69, 3971, 1197, 1451, 1843, 2944, 2576, 976, 1992, 1774, 1104, 585, 140, 1124, 490, 562
3110, 1954, 2293, 3968, 693, 3354, 4001, 758, 1153, 994, 3078, 2439, 313, 1750, 2570, 382
1626, 3767, 1833, 3469, 2615, 313, 350, 512, 2087, 1454, 1097, 2228, 2579, 1587, 2790, 1593
3541, 987, 1465, 138, 245, 1370, 896, 1399, 2364, 3975, 3838, 2677, 1629, 2312, 3059, 3255
1984, 796, 2629, 503, 1110, 2979, 1015, 3197, 337, 2113, 1329, 2916, 3700, 23, 413, 3146
1010, 1878, 3284, 1256, 3248, 85, 2655, 1517, 4060, 2397, 98, 1593, 613, 3158, 753, 2597
3954, 3382, 3101, 968, 2265, 20, 70, 2602, 2133, 1399, 1423, 1738, 1423, 1836, 788, 2433
3715, 4072, 3689, 2867, 61, 2248, 288, 25, 549, 387, 1619, 1163, 3545, 2372, 3760, 3403
1658, 2765, 276, 3923, 2786, 346, 2429, 823, 1745, 3852, 2561, 3168, 1593, 3349, 1506, 1212
3326, 1099, 4079, 3387, 3348, 272, 3413, 3897, 659, 936, 964, 108, 3308, 629, 3511, 870
3394, 3787, 697, 2084, 37, 3126, 2908, 1783, 2883, 1373, 855, 380, 627, 2361, 1592, 3953
3461, 1575, 3244, 2713, 1847, 2561, 2514, 2506, 3497, 3479, 2614, 2709, 12, 2030, 3579, 3406
1721, 180, 1395, 1759, 3307, 207, 3542, 2094, 1580, 301, 2474, 2207, 2663, 4066, 2064, 2028
1545, 1213, 645, 3393, 3774, 3159, 1803, 3176, 2542, 322, 1789, 2554, 2352, 1273, 1865, 4073
1453, 3260, 1736, 664, 3467, 1182, 2758, 951, 1484, 1136, 3159, 51, 1106, 1127, 2079, 2652
2340, 2724, 1949, 2019, 1787, 3752, 1099, 234, 4074, 2888, 2788, 2330, 65, 557, 2308, 1519
3817, 4044, 2183, 3188, 1131, 846, 44, 2615, 1982, 3203, 2666, 3089, 234, 649, 1645, 2575
3373, 3594, 498, 1064, 3250, 1597, 1298, 3229, 389, 4087, 1463, 455, 548, 3771, 1974, 270
3720, 61, 3458, 755, 907, 3502, 3370, 2890, 2609, 1940, 1883, 2844, 2589, 3528, 1323, 1866
3026, 1821, 2930, 2180, 3418, 133, 1313, 3807, 124, 2777, 166, 672, 2452, 2140, 942, 2076
2202, 305, 2831, 3109, 3807, 2105, 1903, 2321, 4045, 3786, 1069, 2538, 3218, 2392, 308, 2148
117, 3239, 233, 3535, 3372, 1546, 3246, 3496, 227, 3413, 72, 2680, 1457, 1015, 660, 3659
1320, 3492, 2673, 1031, 1501, 480, 3352, 1451, 171, 325, 3989, 3389, 2717, 202, 1442, 2834
3441, 1675, 2273, 2717, 3221, 1424, 2117, 3449, 741, 2189, 2033, 2198, 3204, 2693, 1762, 428
2089, 339, 1460, 3591, 819, 716, 946, 990, 1042, 839, 284, 3759, 1041, 1726, 2498, 386
3401, 675, 3103, 2526, 2099, 1124, 1879, 2840, 3314, 3912, 943, 2422, 2510, 2705, 2851, 503
3044, 215, 4094, 3863, 931, 944, 758, 1973, 1784, 1042, 1637, 2825, 2768, 39, 3212, 2073
714, 2219, 503, 2814, 3344, 2383, 1558, 2562, 2199, 2501, 888, 613, 1110, 3739, 1117, 58
3954, 1115, 3922, 790, 2060, 584, 2763, 3844, 1626, 304, 2573, 298, 343, 1689, 2371, 1058
3909, 2874, 3872, 3157, 1161, 1334, 1623, 3361, 3836, 2511, 3974, 850, 2155, 995, 909, 2013
2111, 735, 2803, 75, 1319, 1471, 3919, 2945, 1775, 2396, 3243, 2119, 4086, 1518, 3177, 3899
296, 2953, 2960, 1458, 191, 487, 723, 4027, 2998, 601, 782, 1057, 1597, 1691, 3071, 3708
2426, 1778, 3783, 3745, 3249, 3606, 2594, 929, 1906, 1741, 3048, 1896, 3259, 2129, 1699, 3555
986, 563, 917, 1177, 1050, 1640, 1109, 4049, 2242, 1891, 1010, 3839, 3582, 4081, 3451, 1912
1764, 3138, 1561, 917, 2648, 59, 1846, 458, 1800, 798, 2355, 963, 2927, 4054, 422, 3913
522, 1340, 995, 1572, 2980, 2104, 1525, 1126, 3995, 2536, 869, 3481, 2521, 224, 1297, 189
3362, 2858, 1107, 1914, 2917, 2953, 2373, 621, 3752, 632, 1584, 2583, 590, 2006, 2401, 1112
3346, 3396, 2685, 2231, 1404, 114, 3357, 1303, 2650, 131, 688, 1076, 355, 1985, 1265, 3718
747, 2372, 1536, 3664, 1230, 3909, 189, 886, 445, 1773, 3469, 1036, 3779, 1774, 2148, 3030
1074, 737, 1165, 2478, 852, 426, 3781, 3502, 557, 373, 482, 913, 2358, 1748, 535, 3105
24, 2071, 2673, 1254, 1885, 2862, 2140, 2330, 539, 1514, 3366, 223, 3288, 1419, 3253, 267
2156, 322, 2745, 3008, 748, 2431, 2415, 1306, 2804, 2897, 2219, 1067, 549, 2754, 76, 574
729, 2750, 1828, 2614, 1516, 3969, 849, 2056, 1387, 119, 2279, 579, 1538, 1436, 846, 3695
1758, 3592, 2607, 2506, 1927, 926, 3812, 635, 3824, 1935, 1702, 277, 593, 1779, 851, 1323
433, 2680, 3937, 1949, 2553, 690, 4005, 3940, 810, 2188, 423, 2348, 3624, 1270, 1947, 1286
766, 459, 3793, 2693, 1385, 3509, 3328, 1113, 1349, 935, 1391, 1942, 2714, 2242, 3265, 3147
826, 3107, 1000, 3379, 3797, 910, 3223, 511, 3098, 3647, 2860, 2627, 821, 711, 3913, 1587
1170, 3610, 184, 2556, 3024, 3512, 3669, 277, 351, 964, 2219, 3065, 3207, 1389, 2116, 4033
400, 3117, 3317, 101, 4027, 2444, 613, 3029, 1995, 3473, 1560, 2816, 88, 1378, 307, 1259
892, 491, 3815, 3916, 4004, 3388, 97, 259, 257, 2317, 3325, 3464, 3706, 1345, 3401, 10
366, 2622, 111, 297, 971, 724, 3327, 2966, 101, 791, 1687, 190, 2169, 1994, 1449, 3062
2486, 1168, 2882, 2394, 460, 2980, 2653, 717, 1201, 1882, 85, 811, 3228, 3487, 821, 3594
2013, 932, 3892, 2984, 1657, 3123, 1855, 1758, 3914, 3542, 1948, 1988, 1440, 3397, 954, 3926
469, 3836, 2224, 930, 2720, 782, 1647, 3921, 2664, 1733, 636, 1796, 1124, 1457, 1295, 3137
2390, 1091, 2026, 4047, 118, 3881, 1709, 4032, 3327, 3658, 1924, 671, 2959, 2878, 502, 3429
2619, 2726, 263, 1243, 3508, 1910, 1069, 2077, 3643, 1705, 3873, 671, 3163, 1072, 3809, 1457
2163, 1739, 1408, 2281, 1524, 3117, 2218, 755, 2679, 46, 1426, 1543, 2925, 1928, 876, 1448
559, 1139, 2691, 4067, 3049, 3760, 2048, 2597, 1370, 1826, 3268, 437, 2898, 2981, 1894, 966
624, 3302, 3247, 2148, 2323, 1369, 2903, 907, 1416, 234, 2450, 245, 2162, 3326, 1693, 2721
369, 288, 2693, 3418, 4049, 645, 1919, 1323, 2471, 1092, 1760, 1274, 4073, 3654, 2240, 602
2860, 1391, 2750, 1087, 2761, 1558, 1994, 81, 1792, 348, 326, 3954, 3674, 2019, 2580, 4043
2307, 1177, 3366, 2260, 1822, 1189, 3583, 198, 2281, 1247, 1472, 2259, 805, 3712, 2861, 3665
1007, 1515, 657, 3768, 3073, 2651, 3849, 769, 3000, 79, 628, 2578, 2098, 3208, 2526, 310
289, 1796, 2570, 2111, 2985, 2058, 2309, 1171, 3305, 3781, 3430, 15, 3397, 2195, 3680, 309
3710, 241, 4077, 2688, 2893, 3831, 3457, 1797, 3910, 4085, 279, 1913, 3197, 2805, 2223, 3486
505, 697, 1502, 3491, 2755, 3811, 566, 1965, 3497, 3996, 1980, 2798, 2095, 1564, 3107, 1709
1806, 3089, 301, 603, 2824, 3759, 2400, 2638, 3748, 2679, 455, 2850, 1389, 2678, 2240, 1894
3376, 3742, 1289, 2035, 3458, 1855, 4000, 2859, 1755, 1884, 1561, 3850, 3449, 573, 1464, 1159
3662, 1765, 1762, 2390, 1428, 66, 932, 1081, 2745, 1388, 3931, 38, 4066, 2075, 1933, 3346
1722, 3222, 1286, 1084, 982, 1190, 3943, 2737, 3075, 1408, 2492, 2428, 1981, 3956, 3587, 1547
1625, 1253, 3937, 3054, 1319, 774, 39, 4064, 2162, 3970, 7, 2132, 1949, 1940, 1383, 3671
1066, 2669, 659, 2048, 3859, 506, 690, 2838, 1915, 3182, 1170, 3896, 3042, 661, 1348, 571
1914, 1189, 3625, 3233, 1963, 3664, 3202, 29, 3538, 3209, 2162, 1392, 1053, 3545, 967, 2119
2118, 1627, 72, 1881, 2133, 762, 624, 4048, 3944, 1794, 3849, 2890, 2456, 1101, 3461, 274
2290, 2991, 3508, 158, 2559, 2614, 187, 2002, 1727, 2349, 3394, 2780, 1798, 265, 803, 3916
1892, 875, 1702, 4026, 1637, 2326, 3978, 1485, 24, 3731, 279, 2480, 736, 3741, 2755, 3027
2636, 2167, 3185, 1099, 685, 3372, 3101, 2412, 1626, 2399, 1096, 3424, 2665, 1899, 3245, 461
2775, 851, 391, 316, 3177, 274, 1802, 3201, 4005, 2081, 1586, 646, 1726, 245, 3673, 266
2412, 2762, 1366, 3097, 2038, 371, 1413, 3664, 2771, 2509, 2993, 1340, 312, 2142, 1801, 3087
2993, 2193, 3404, 2074, 2467, 1110, 1179, 2376, 3191, 2765, 3022, 822, 3010, 2599, 1088, 1326
1265, 2454, 327, 3304, 2826, 1740, 2872, 1501, 153, 1769, 2841, 466, 3911, 546, 3553, 2808
2739, 2861, 786, 1110, 3971, 1966, 3487, 3067, 635, 2413, 3889, 3646, 917, 881, 876, 2182
3336, 1204, 1390, 2066, 2944, 167, 3567, 3098, 1936, 2312, 3564, 1752, 2858, 3021, 464, 1502
1787, 1251, 2612, 1662, 3217, 2003, 633, 3852, 321, 426, 3402, 1238, 1308, 183, 3420, 548
1387, 715, 2614, 235, 882, 2085, 3333, 2818, 301, 2801, 474, 3159, 1727, 939, 565, 3514
2190, 3178, 1080, 1311, 1085, 1714, 1067, 1406, 2140, 374, 2644, 3448, 557, 1969, 3996, 1944
2684, 2514, 2179, 3566, 503, 1417, 2288, 804, 122, 2763, 3964, 1849, 3702, 433, 1267, 1796
3611, 2348, 3107, 601, 4062, 78, 2007, 2106, 452, 556, 1459, 1009, 2525, 1359, 2953, 1113
3874, 1037, 583, 281, 2454, 2871, 1086, 2576, 1538, 954, 330, 1144, 1387, 1597, 2940, 903
3945, 1951, 1504, 3911, 2030, 3511, 1922, 2482, 4067, 3381, 3492, 2496, 644, 2349, 3609, 422
3386, 96, 704, 1744, 2968, 1790, 225, 410, 2744, 555, 1555, 35, 2152, 399, 938, 2002
2351, 2442, 1817, 285, 1858, 3739, 2767, 1829, 3024, 2163, 230, 3669, 417, 3839, 4091, 3803
3936, 699, 1452, 2808, 2489, 1677, 3218, 1137, 2232, 677, 1173, 288, 1077, 2111, 2290, 3428
458, 12, 3713, 2316, 3751, 2384, 49, 2680, 452, 279, 2253, 869, 23, 2248, 576, 3959
2948, 2028, 2671, 1341, 3705, 1793, 2479, 1841, 2471, 3652, 2130, 3548, 1667, 324, 2880, 2125
336, 2497, 345, 4088, 785, 395, 2672, 1237, 674, 829, 2106, 697, 3077, 2683, 560, 1929
615, 3231, 3271, 225, 929, 1654, 2066, 3400, 1210, 100, 2852, 2877, 425, 1636, 907, 761
37, 1252, 753, 822, 1647, 3425, 2060, 2322, 158, 70, 3019, 3236, 2753, 3580, 1069, 3369
2715, 244, 3594, 3644, 1898, 1564, 2948, 3108, 1665, 1704, 1890, 2090, 3340, 2797, 2851, 3377
4049, 3605, 104, 1601, 2934, 2164, 3923, 3093, 2234, 2846, 2233, 892, 2330, 3302, 165, 950
3547, 3759, 498, 1349, 1227, 3447, 362, 2892, 1055, 2252, 886, 300, 953, 3738, 3677, 906
3247, 3781, 2507, 2085, 1849, 2334, 1082, 4084, 1085, 3315, 880, 3415, 2522, 1045, 269, 1973
708, 768, 3322, 1935, 119, 3684, 732, 1174, 1840, 1618, 1474, 2793, 1260, 1056, 3700, 411
741, 2111, 2497, 2591, 350, 3579, 2579, 1435, 2799, 3459, 754, 1225, 408, 1024, 3198, 1116
1792, 2424, 3051, 1911, 2013, 3783, 3085, 3853, 1306, 464, 2551, 2566, 1520, 2155, 2978, 2261
170, 1379, 756, 520, 862, 3335, 1955, 3661, 2698, 2710, 790, 3106, 3734, 3988, 126, 1430
2317, 3178, 3341, 234, 2865, 2330, 4087, 75, 2794, 2542, 2642, 218, 601, 1524, 2480, 772
2903, 3236, 1292, 3765, 2476, 3248, 3331, 1078, 1862, 25, 89, 1500, 4014, 215, 2930, 2235
3393, 2175, 2469, 2163, 409, 2460, 2238, 3204, 907, 784, 3422, 1508, 2308, 1806, 2280, 1115
947, 3573, 785, 3423, 2725, 20, 405, 491, 45, 494, 1991, 4059, 710, 825, 2198, 7
3000, 571, 2170, 3409, 3032, 313, 2517, 3939, 1097, 1844, 1351, 3406, 3650, 3632, 425, 501
3109, 1210, 3924, 1738, 1230, 234, 2229, 1276, 728, 124, 1239, 1438, 949, 3438, 1446, 3949
4009, 3616, 3262, 2945, 3929, 1684, 2788, 931, 3528, 44, 241, 3082, 3676, 666, 3584, 2689
1877, 3412, 331, 3107, 3646, 2560, 287, 279, 2684, 1527, 1717, 3633, 869, 3163, 3486, 782
2684, 2652, 3728, 2517, 240, 2420, 3448, 3768, 2464, 3689, 2755, 2044, 260, 2243, 637, 2137
1559, 968, 1148, 1110, 3528, 1436, 1389, 2116, 2963, 3106, 1653, 3832, 2174, 1043, 518, 762
3696, 150, 3279, 3936, 2571, 2632, 3609, 939, 2225, 2268, 2984, 2485, 415, 3621, 526, 1974
494, 1675, 3084, 4022, 3111, 377, 2043, 1978, 3484, 3696, 1714, 1562, 644, 2232, 2324, 244
2383, 1507, 84, 858, 43, 3693, 1797, 2269, 1865, 685, 658, 2280, 211, 1185, 159, 705
2860, 3243, 631, 1875, 3621, 2674, 3853, 3009, 2275, 1471, 475, 2919, 3703, 2799, 3163, 1990
210, 3247, 2848, 254, 2845, 550, 2523, 614, 1235, 3181, 2895, 1446, 270, 3054, 2151, 3130
2201, 2783, 909, 1726, 1361, 666, 639, 3636, 2137, 1114, 2459, 1745, 3913, 1526, 3735, 28
678, 2488, 282, 3523, 3038, 2805, 41, 177, 1890, 2936, 1624, 2161, 1894, 3775, 1195, 0
2462, 2105, 1726, 3824, 2771, 2366, 3364, 813, 3480, 1728, 2558, 3298, 3254, 2197, 3326, 3932
589, 3608, 3359, 3627, 2317, 3401, 3805, 111, 2241, 1333, 2272, 40, 1012, 3468, 40, 3475
1477, 1766, 3203, 152, 36, 2471, 965, 3517, 103, 3523, 2719, 3358, 1625, 1949, 3194, 2214
1461, 2458, 1746, 3778, 1763, 1455, 3889, 4004, 2788, 2066, 4044, 3800, 1438, 4084, 3179, 2915
1755, 2286, 3067, 1791, 662, 4033, 1212, 765, 3460, 3931, 27, 989, 1784, 3222, 3204, 3245
1584, 854, 2927, 3347, 2309, 2721, 3255, 1001, 691, 3204, 705, 2129, 3192, 3885, 948, 851
2075, 4015, 2643, 2737, 3952, 3855, 3503, 3317, 3691, 3530, 210, 1379, 2656, 3414, 529, 144
172, 3456, 3491, 2481, 2081, 2651, 3482, 2772, 1759, 92, 805, 855, 3977, 1753, 1707, 1956
1673, 254, 598, 1529, 13, 5, 750, 3704, 3535, 961, 988, 2096, 279, 1517, 2240, 452
877, 1636, 2933, 2959, 191, 2320, 1635, 1950, 2412, 2441, 2805, 2293, 98, 416, 153, 1771
670, 751, 3301, 684, 756, 4051, 292, 196, 916, 1280, 2292, 1196, 2797, 436, 1648, 3675
2072, 485, 2538, 2263, 2805, 77, 117, 1121, 2518, 2923, 3414, 2617, 3339, 3568, 292, 4010
223, 3593, 598, 980, 3549, 890, 1176, 369, 2171, 3468, 1565, 872, 3904, 3213, 451, 1881
3699, 2989, 48, 2408, 3067, 166, 3530, 1489, 3089, 2848, 10, 2332, 2320, 303, 2246, 2544
3896, 2844, 3524, 3349, 3735, 604, 3719, 1810, 4072, 1188, 2682, 3880, 306, 3134, 1665, 4005
2027, 1714, 2317, 998, 1880, 1751, 2488, 873, 504, 2498, 3205, 2824, 2801, 1356, 1272, 2602
104, 700, 1855, 3839, 1304, 1478, 1553, 1280, 2667, 140, 1065, 2973, 3274, 2730, 2882, 1205
348, 1103, 2204, 2228, 2855, 596, 3101, 3359, 3094, 2211, 2087, 1800, 3567, 3360, 306, 3671
4060, 2161, 3415, 1269, 3640, 872, 2549, 2211, 1012, 3614, 1088, 190, 2249, 3970, 1396, 2597
977, 3600, 730, 3832, 100, 3831, 3095, 3194, 1946, 1087, 898, 1417, 351, 1204, 993, 315
3366, 312, 1584, 2910, 1184, 38, 1025, 2197, 3652, 2113, 2387, 1805, 1987, 3783, 307, 2964
3287, 1037, 2701, 3387, 772, 1700, 2486, 2719, 2787, 3384, 40, 3138, 493, 1033, 3454, 3859
1345, 942, 2673, 2530, 980, 3698, 631, 537, 1715, 3018, 2342, 3702, 2706, 2649, 2570, 1897
3686, 1175, 1189, 363, 2876, 3675, 3082, 1567, 2963, 3122, 610, 3456, 60, 4064, 3219, 1405
910, 1796, 3935, 1891, 1398, 470, 2428, 3113, 3489, 674, 2719, 2099, 3324, 1194, 3996, 2914
2369, 1089, 3277, 1149, 668, 2263, 2717, 3632, 1290, 3327, 2992, 1350, 3295, 2116, 2755, 109
3912, 2595, 2000, 1215, 3065, 332, 232, 2458, 1007, 2952, 461, 235, 50, 362, 3149, 2419
1451, 2331, 3569, 2120, 498, 2190, 1656, 1788, 1421, 552, 3138, 620, 2668, 1798, 729, 2485
297, 2730, 3700, 3362, 3062, 3932, 1725, 4069, 2788, 2186, 208, 2838, 2548, 3358, 1162, 4000
1593, 635, 2024, 2091, 2825, 3680, 3880, 150, 136, 2922, 770, 2805, 624, 1499, 1194, 921
133, 798, 188, 3196, 634, 1913, 3169, 3423, 3, 3378, 2165, 2552, 2640, 3327, 2456, 137
3962, 384, 2228, 2691, 4064, 2012, 2841, 104, 839, 3611, 2909, 1463, 1015, 7, 2385, 1148
805, 2573, 248, 1440, 390, 3418, 767, 393, 2700, 2932, 2945, 1244, 2164, 1305, 1381, 2030
1689, 3609, 626, 1657, 1526, 3467, 1762, 2365, 2983, 575, 3828, 3998, 583, 2117, 1050, 1388
594, 1299, 2828, 984, 621, 3595, 1378, 3321, 2432, 227, 469, 500, 1533, 1850, 2530, 3222
1363, 3156, 784, 2889, 2528, 2546, 1158, 1415, 3121, 891, 1317, 3704, 3008, 2367, 997, 3603
3666, 3825, 491, 191, 3325, 1869, 3512, 1661, 2097, 3981, 2161, 3630, 1735, 595, 2756, 3099
3752, 3540, 1892, 2184, 1990, 3051, 3599, 1016, 3942, 820, 624, 2854, 3187, 1621, 2361, 2758
1351, 2853, 2949, 580, 626, 2366, 2241, 2723, 2251, 306, 2257, 3987, 901, 918, 2990, 557
362, 786, 2741, 2353, 3837, 2244, 3369, 3683, 3064, 3993, 2442, 2156, 1519, 707, 818, 2870
3560, 3767, 3450, 91, 2037, 1595, 2814, 193, 1901, 976, 84, 2802, 1894, 3074, 3360, 2256
3860, 2005, 513, 3602, 154, 3882, 3189, 3218, 3780, 1535, 1278, 1203, 2243, 2096, 4073, 1707
1768, 3427, 1798, 3805, 926, 517, 3998, 2827, 1493, 4082, 1533, 3387, 3060, 797, 1547, 2825
2803, 2061, 2331, 2957, 1847, 1424, 2079, 1531, 2960, 3358, 2734, 1107, 1358, 2711, 2814, 3126
2042, 517, 2836, 2968, 1034, 2738, 1699, 2527, 2725, 3233, 1818, 1689, 4030, 3365, 418, 2737
1330, 2749, 1598, 3178, 78, 3678, 613, 3038, 2940, 3348, 49, 202, 1963, 2863, 3329, 4006
3380, 2069, 2878, 318, 711, 482, 2845, 3436, 3715, 567, 1030, 3649, 3933, 1448, 2291, 1167
102, 3889, 249, 180, 3471, 863, 3218, 2315, 115, 3267, 2518, 2078, 2034, 1751, 1988, 1319
3820, 771, 1637, 435, 1253, 387, 3872, 872, 954, 806, 425, 791, 2254, 2716, 1959, 2356
2510, 2208, 2536, 1885, 3071, 1658, 105, 3186, 829, 2623, 1169, 2864, 278, 3157, 87, 2
3928, 1724, 437, 1085, 2111, 213, 1957, 3066, 1019, 2383, 3857, 3274, 1003, 1720, 1534, 3513
3929, 4071, 1303, 2904, 1633, 1408, 1995, 2463, 4031, 3164, 1231, 213, 2225, 1318, 215, 2058
3042, 652, 3143, 1058, 866, 1005, 28, 1885, 3388, 3885, 1063, 295, 1510, 2598, 3809, 1343
2573, 1016, 151, 110, 2424, 2146, 2573, 2359, 1214, 3804, 2572, 3440, 1026, 2787, 1402, 4069
3439, 449, 1031, 209, 1454, 1059, 2095, 746, 848, 3158, 1042, 2358, 1660, 755, 3701, 137
1771, 3853, 248, 99, 1903, 2821, 2458, 3118, 2530, 934, 2462, 3556, 3721, 3864, 3529, 3064
217, 464, 3274, 1672, 1523, 1273, 2418, 2372, 335, 3460, 634, 1996, 119, 240, 2133, 1890
4093, 2381, 1989, 1900, 1107, 351, 922, 3637, 1285, 3384, 3097, 910, 3152, 2531, 3975, 3370
2995, 3153, 946, 423, 330, 3364, 2795, 665, 2729, 3429, 2661, 2848, 3669, 699, 643, 3666
3080, 2632, 1471, 91, 2984, 2393, 3728, 173, 1682, 2730, 1084, 738, 1165, 963, 12, 64
20, 958, 487, 350, 227, 3282, 1015, 2956, 2616, 3677, 1708, 2189, 280, 2351, 1760, 3360
888, 3231, 3452, 3872, 1528, 3084, 4045, 3210, 1718, 1033, 3949, 2883, 1996, 3961, 2948, 2016
824, 3435, 2366, 1051, 2622, 3382, 4007, 1142, 2963, 1619, 3331, 3243, 3971, 995, 2507, 763
130, 1863, 539, 1659, 852, 488, 773, 2570, 1522, 626, 1358, 3518, 492, 210, 1439, 1316
3645, 3805, 2367, 2171, 3091, 2278, 3313, 1958, 3897, 2549, 1105, 3772, 3544, 3613, 439, 3675
1380, 978, 1238, 2232, 1467, 2011, 707, 2989, 2638, 2065, 2411, 3130, 2275, 3850, 350, 1824
3560, 2717, 3996, 2555, 899, 3213, 418, 700, 1666, 1523, 377, 1115, 1040, 816, 694, 2421
1795, 1932, 557, 3262, 3943, 1264, 2155, 2485, 3329, 470, 1519, 1508, 225, 1869, 3333, 3785
490, 3233, 2244, 1389, 2350, 2662, 2090, 4017, 90, 2467, 1036, 1130, 3283, 1730, 3551, 982
3662, 13, 148, 3509, 1277, 2303, 1899, 511, 2774, 3418, 2019, 2999, 1192, 1256, 2688, 1682
393, 836, 3072, 2744, 3499, 1066, 2665, 3589, 3533, 3701, 623, 2720, 1335, 79, 3703, 901
92, 3851, 314, 1369, 2059, 2213, 1880, 737, 1536, 3900, 3736, 2728, 1060, 2328, 314, 1454
3164, 3386, 102, 2567, 356, 2767, 2060, 3889, 2372, 2684, 2514, 3707, 2763, 2121, 512, 2855
1876, 826, 128, 3935, 3040, 2009, 576, 480, 1813, 216, 3208, 2873, 2544, 3522, 231, 1613
2813, 333, 84, 3169, 3100, 2145, 2963, 1376, 733, 1381, 987, 3496, 3502, 1499, 2255, 1282
2326, 2383, 1122, 1270, 296, 1698, 1750, 2109, 1915, 862, 887, 363, 288, 1118, 1976, 3101
1452, 2061, 2175, 456, 110, 1042, 1833, 843, 2423, 2820, 243, 1829, 224, 2498, 3111, 2550
785, 137, 3820, 1082, 1836, 1474, 3191, 3751, 2336, 4078, 18, 2624, 1101, 1995, 1630, 2553
4056, 3805, 3009, 70, 751, 746, 913, 3174, 3567, 1156, 907, 3791, 3654, 4018, 2245, 343
60, 1969, 1425, 1896, 3443, 521, 1551, 1683, 503, 1569, 211, 1604, 3564, 1841, 61, 3524
1550, 3071, 3594, 2301, 3817, 411, 1379, 3288, 1567, 2286, 2983, 1125, 2209, 1132, 1469, 2269
3101, 2894, 69, 2448, 3415, 1620, 35, 3919, 3189, 247, 1427, 2658, 2088, 1489, 2086, 3639
464, 1585, 1844, 185, 1996, 3224, 3474, 3564, 1414, 2361, 593, 3623, 3494, 2062, 1796, 2499
861, 1865, 852, 180, 3485, 887, 3, 2579, 1134, 1431, 1141, 3223, 2920, 3227, 2766, 3384
716, 514, 3569, 2713, 3738, 2947, 2181, 1057, 1213, 2774, 584, 611, 741, 2381, 3110, 1602
150, 3962, 1782, 3636, 754, 1786, 2119, 1888, 3217, 3260, 1015, 2041, 2391, 3781, 1329, 3108
200, 802, 1725, 3938, 3750, 3906, 899, 867, 2584, 1484, 1478, 3325, 3865, 492, 831, 4015
359, 2614, 3555, 1113, 304, 1578, 3001, 3521, 742, 4017, 1466, 3134, 3702, 2795, 2146, 3902
3597, 3871, 3745, 3251, 3681, 548, 22, 2169, 2032, 1500, 1399, 1801, 1993, 2230, 1721, 2352
748, 1180, 3465, 1052, 2759, 2370, 477, 3501, 2291, 1943, 2539, 1898, 642, 589, 1704, 144
364, 1353, 3395, 4045, 1902, 3418, 2119, 3934, 822, 3518, 1640, 2815, 1652, 3361, 1071, 2401
445, 440, 3453, 3204, 2811, 3931, 2610, 1006, 1778, 1053, 2904, 2421, 1643, 513, 2565, 2007
1866, 1864, 1957, 3768, 1186, 4076, 3607, 2009, 3498, 1151, 728, 1054, 416, 1800, 3455, 861
2240, 2813, 4066, 955, 2648, 2580, 1962, 330, 3633, 770, 2751, 1180, 1283, 1220, 3188, 3150
3085, 1049, 2822, 175, 1029, 2333, 2184, 431, 3484, 2913, 1485, 3900, 617, 845, 666, 2857
3658, 636, 3813, 2210, 3216, 1679, 2540, 2753, 2449, 1196, 3934, 3733, 2416, 3026, 2787, 1405
4075, 1513, 1581, 1008, 3847, 3765, 1439, 3235, 2582, 2924, 3040, 3199, 3769, 3706, 1961, 3331
