0, 2, 3, 3, 5, 7, 7, 7, 8, 9, 10, 10, 12, 12, 12, 13
13, 15, 18, 20, 20, 20, 20, 22, 23, 23, 24, 24, 25, 25, 27, 28
28, 29, 32, 33, 35, 35, 36, 36, 37, 37, 38, 38, 39, 39, 39, 40
40, 40, 41, 41, 41, 43, 44, 44, 45, 46, 48, 49, 49, 49, 49, 50
51, 56, 58, 59, 59, 60, 60, 60, 61, 61, 61, 64, 65, 65, 66, 66
69, 69, 70, 70, 70, 72, 72, 75, 75, 76, 77, 78, 78, 79, 79, 81
82, 84, 84, 84, 85, 85, 87, 88, 89, 90, 90, 91, 91, 92, 92, 96
97, 98, 98, 99, 100, 100, 101, 101, 102, 102, 103, 104, 104, 104, 105, 108
109, 110, 110, 111, 111, 114, 115, 115, 117, 117, 118, 119, 119, 119, 122, 124
124, 124, 126, 128, 128, 130, 131, 131, 133, 133, 134, 136, 137, 137, 137, 138
140, 140, 143, 144, 144, 148, 149, 150, 150, 150, 151, 152, 152, 153, 153, 154
154, 158, 158, 159, 165, 166, 166, 167, 170, 171, 172, 173, 175, 177, 180, 180
180, 183, 184, 184, 185, 187, 188, 189, 189, 190, 190, 191, 191, 191, 193, 196
196, 198, 200, 202, 202, 203, 207, 207, 208, 209, 210, 210, 210, 211, 211, 213
213, 215, 215, 215, 216, 217, 218, 223, 223, 224, 224, 225, 225, 225, 227, 227
227, 230, 231, 231, 232, 232, 232, 233, 234, 234, 234, 234, 234, 235, 235, 240
240, 241, 241, 241, 243, 244, 244, 245, 245, 245, 247, 248, 248, 248, 248, 249
251, 254, 254, 257, 259, 260, 261, 263, 263, 265, 266, 267, 267, 268, 269, 270
270, 272, 274, 274, 276, 276, 277, 277, 278, 279, 279, 279, 279, 279, 280, 280
281, 282, 284, 285, 287, 288, 288, 288, 288, 289, 292, 292, 295, 296, 296, 297
297, 298, 300, 301, 301, 301, 302, 302, 303, 304, 304, 305, 306, 306, 306, 307
307, 308, 309, 310, 312, 312, 313, 313, 313, 313, 314, 314, 315, 316, 318, 321
322, 322, 324, 325, 325, 326, 327, 329, 330, 330, 330, 331, 332, 333, 335, 335
336, 337, 337, 339, 339, 341, 343, 343, 345, 346, 348, 348, 350, 350, 350, 350
351, 351, 351, 355, 356, 359, 362, 362, 362, 363, 363, 364, 366, 369, 369, 370
371, 373, 374, 374, 374, 377, 377, 380, 382, 384, 384, 386, 387, 387, 389, 390
391, 393, 393, 395, 397, 399, 400, 402, 405, 408, 409, 410, 411, 411, 413, 415
415, 416, 416, 417, 418, 418, 420, 421, 422, 422, 422, 423, 423, 424, 425, 425
425, 426, 426, 428, 428, 431, 433, 433, 435, 435, 436, 437, 437, 439, 440, 445
445, 447, 449, 451, 452, 452, 452, 455, 455, 456, 458, 458, 459, 460, 461, 461
464, 464, 464, 464, 464, 466, 469, 469, 470, 470, 472, 473, 474, 475, 476, 477
479, 480, 480, 482, 482, 485, 487, 487, 488, 488, 490, 490, 491, 491, 491, 492
492, 493, 494, 494, 496, 496, 498, 498, 498, 500, 501, 502, 503, 503, 503, 503
503, 504, 505, 506, 509, 511, 511, 512, 512, 513, 513, 514, 517, 517, 518, 520
521, 521, 521, 522, 526, 528, 529, 535, 537, 539, 539, 543, 546, 548, 548, 548
549, 549, 550, 552, 555, 556, 557, 557, 557, 557, 557, 559, 560, 562, 563, 565
566, 567, 571, 571, 573, 574, 574, 574, 575, 576, 576, 577, 579, 580, 580, 582
583, 583, 584, 584, 585, 589, 589, 589, 590, 593, 593, 594, 595, 596, 596, 598
598, 601, 601, 601, 602, 603, 604, 610, 611, 613, 613, 613, 613, 614, 615, 617
619, 620, 621, 621, 622, 623, 623, 624, 624, 624, 624, 626, 626, 626, 627, 628
629, 629, 631, 631, 631, 631, 632, 633, 634, 634, 635, 635, 635, 636, 636, 637
639, 642, 643, 644, 644, 645, 645, 646, 649, 650, 652, 652, 656, 657, 657, 658
659, 659, 660, 661, 662, 664, 665, 666, 666, 666, 668, 670, 671, 671, 672, 674
674, 675, 677, 678, 681, 681, 684, 685, 685, 688, 690, 690, 691, 693, 694, 697
697, 697, 699, 699, 700, 700, 704, 705, 705, 707, 707, 708, 710, 711, 711, 714
715, 716, 716, 716, 717, 723, 724, 728, 728, 729, 729, 729, 730, 730, 732, 733
735, 736, 737, 737, 738, 741, 741, 741, 742, 746, 746, 747, 748, 748, 750, 750
751, 751, 753, 753, 753, 754, 754, 755, 755, 755, 756, 756, 756, 757, 758, 758
761, 762, 762, 762, 763, 764, 765, 766, 767, 768, 769, 770, 770, 770, 771, 772
772, 773, 774, 782, 782, 782, 784, 784, 785, 785, 785, 786, 786, 788, 790, 790
791, 791, 796, 797, 797, 798, 798, 799, 802, 803, 804, 805, 805, 805, 806, 810
811, 813, 816, 816, 818, 819, 820, 821, 821, 821, 822, 822, 822, 823, 824, 825
826, 826, 829, 829, 831, 831, 833, 836, 839, 839, 843, 844, 845, 846, 846, 848
849, 850, 851, 851, 851, 852, 852, 852, 854, 854, 855, 855, 858, 858, 858, 858
861, 861, 862, 862, 863, 866, 867, 869, 869, 869, 870, 872, 872, 872, 873, 875
876, 876, 877, 880, 881, 882, 886, 886, 887, 887, 888, 888, 890, 891, 892, 892
896, 898, 898, 899, 899, 901, 901, 903, 906, 907, 907, 907, 907, 907, 909, 909
909, 910, 910, 910, 913, 913, 916, 917, 917, 917, 918, 921, 922, 926, 926, 929
929, 929, 930, 931, 931, 932, 932, 934, 935, 936, 936, 938, 939, 939, 942, 942
943, 944, 946, 946, 947, 948, 949, 950, 951, 953, 953, 953, 954, 954, 954, 955
958, 960, 961, 962, 963, 963, 964, 964, 965, 966, 967, 968, 968, 971, 974, 976
976, 977, 978, 980, 980, 982, 982, 984, 986, 987, 987, 988, 989, 990, 993, 993
994, 995, 995, 995, 995, 997, 998, 1000, 1001, 1002, 1003, 1003, 1005, 1006, 1007, 1007
1008, 1009, 1010, 1010, 1012, 1012, 1015, 1015, 1015, 1015, 1015, 1016, 1016, 1019, 1024, 1025
1026, 1029, 1030, 1031, 1031, 1033, 1033, 1034, 1036, 1036, 1036, 1037, 1037, 1040, 1041, 1042
1042, 1042, 1042, 1043, 1045, 1049, 1050, 1050, 1051, 1051, 1051, 1052, 1052, 1053, 1053, 1054
1055, 1056, 1056, 1056, 1057, 1057, 1058, 1058, 1059, 1060, 1061, 1063, 1064, 1065, 1065, 1066
1066, 1067, 1067, 1069, 1069, 1069, 1070, 1071, 1072, 1074, 1075, 1076, 1077, 1078, 1080, 1081
1082, 1082, 1082, 1084, 1084, 1085, 1085, 1085, 1086, 1087, 1087, 1087, 1088, 1088, 1089, 1089
1091, 1092, 1096, 1097, 1097, 1097, 1099, 1099, 1099, 1101, 1101, 1103, 1104, 1105, 1106, 1106
1107, 1107, 1107, 1109, 1110, 1110, 1110, 1110, 1110, 1112, 1113, 1113, 1113, 1114, 1115, 1115
1115, 1116, 1117, 1118, 1121, 1122, 1123, 1124, 1124, 1124, 1124, 1125, 1125, 1126, 1127, 1130
1131, 1132, 1134, 1136, 1137, 1139, 1141, 1142, 1144, 1144, 1148, 1148, 1149, 1150, 1151, 1153
1156, 1158, 1159, 1161, 1162, 1163, 1165, 1165, 1165, 1167, 1168, 1169, 1170, 1170, 1171, 1173
1174, 1175, 1175, 1176, 1176, 1177, 1177, 1179, 1180, 1180, 1182, 1184, 1185, 1185, 1186, 1188
1189, 1189, 1189, 1189, 1190, 1192, 1194, 1194, 1195, 1196, 1196, 1197, 1201, 1203, 1203, 1204
1204, 1205, 1205, 1205, 1210, 1210, 1212, 1212, 1213, 1213, 1214, 1214, 1215, 1218, 1220, 1221
1225, 1227, 1230, 1230, 1231, 1235, 1236, 1237, 1238, 1238, 1239, 1241, 1243, 1244, 1247, 1251
1252, 1253, 1253, 1253, 1254, 1256, 1256, 1259, 1260, 1261, 1264, 1265, 1265, 1267, 1267, 1268
1268, 1269, 1270, 1270, 1272, 1272, 1273, 1273, 1274, 1276, 1277, 1278, 1280, 1280, 1282, 1283
1285, 1285, 1286, 1286, 1289, 1290, 1292, 1295, 1297, 1298, 1299, 1299, 1299, 1303, 1303, 1304
1305, 1305, 1306, 1306, 1308, 1309, 1311, 1311, 1311, 1312, 1313, 1315, 1316, 1317, 1317, 1318
1319, 1319, 1319, 1320, 1323, 1323, 1323, 1326, 1326, 1329, 1329, 1330, 1330, 1333, 1334, 1335
1340, 1340, 1341, 1343, 1345, 1345, 1345, 1346, 1348, 1349, 1349, 1350, 1351, 1351, 1353, 1353
1353, 1356, 1358, 1358, 1358, 1358, 1359, 1359, 1361, 1363, 1366, 1369, 1369, 1370, 1370, 1371
1373, 1373, 1374, 1375, 1376, 1378, 1378, 1379, 1379, 1379, 1380, 1380, 1381, 1381, 1382, 1383
1385, 1387, 1387, 1387, 1388, 1388, 1388, 1389, 1389, 1389, 1389, 1390, 1391, 1391, 1392, 1393
1395, 1396, 1397, 1398, 1399, 1399, 1399, 1402, 1404, 1405, 1405, 1406, 1408, 1408, 1408, 1413
1413, 1414, 1414, 1415, 1416, 1417, 1417, 1419, 1421, 1423, 1423, 1424, 1424, 1425, 1426, 1427
1428, 1428, 1430, 1431, 1435, 1436, 1436, 1437, 1438, 1438, 1439, 1439, 1440, 1440, 1442, 1446
1446, 1448, 1448, 1449, 1451, 1451, 1451, 1452, 1452, 1453, 1454, 1454, 1454, 1455, 1457, 1457
1457, 1458, 1459, 1460, 1461, 1463, 1463, 1464, 1464, 1465, 1466, 1467, 1468, 1469, 1471, 1471
1471, 1472, 1474, 1474, 1477, 1478, 1478, 1484, 1484, 1485, 1485, 1489, 1489, 1491, 1492, 1493
1495, 1498, 1499, 1499, 1500, 1500, 1501, 1501, 1502, 1502, 1503, 1504, 1506, 1507, 1507, 1508
1508, 1510, 1511, 1513, 1513, 1514, 1515, 1516, 1517, 1517, 1518, 1519, 1519, 1519, 1520, 1522
1523, 1523, 1524, 1524, 1525, 1526, 1526, 1527, 1527, 1528, 1529, 1530, 1531, 1531, 1533, 1533
1534, 1535, 1536, 1536, 1538, 1538, 1538, 1539, 1540, 1543, 1545, 1546, 1547, 1547, 1550, 1551
1553, 1555, 1555, 1558, 1558, 1559, 1559, 1560, 1560, 1561, 1561, 1562, 1564, 1564, 1565, 1567
1567, 1568, 1569, 1572, 1575, 1578, 1579, 1580, 1581, 1581, 1584, 1584, 1584, 1585, 1586, 1587
1587, 1591, 1592, 1593, 1593, 1593, 1593, 1595, 1597, 1597, 1597, 1598, 1601, 1602, 1604, 1608
1613, 1618, 1619, 1619, 1619, 1620, 1621, 1623, 1624, 1625, 1625, 1626, 1626, 1626, 1627, 1629
1630, 1632, 1633, 1635, 1636, 1636, 1637, 1637, 1637, 1639, 1640, 1640, 1643, 1645, 1647, 1647
1648, 1651, 1652, 1653, 1654, 1656, 1657, 1657, 1658, 1658, 1659, 1659, 1660, 1661, 1662, 1662
1663, 1665, 1665, 1666, 1667, 1672, 1673, 1675, 1675, 1677, 1679, 1682, 1682, 1683, 1684, 1687
1689, 1689, 1689, 1691, 1693, 1698, 1699, 1699, 1700, 1702, 1702, 1704, 1704, 1705, 1705, 1706
1707, 1707, 1708, 1709, 1709, 1709, 1714, 1714, 1714, 1715, 1717, 1718, 1720, 1721, 1721, 1722
1722, 1724, 1725, 1725, 1726, 1726, 1726, 1726, 1727, 1727, 1728, 1730, 1731, 1733, 1735, 1736
1738, 1738, 1739, 1740, 1741, 1741, 1744, 1745, 1745, 1746, 1747, 1748, 1750, 1750, 1751, 1751
1751, 1752, 1753, 1755, 1755, 1758, 1758, 1759, 1759, 1760, 1760, 1762, 1762, 1762, 1763, 1764
1764, 1765, 1766, 1767, 1767, 1768, 1769, 1771, 1771, 1773, 1774, 1774, 1775, 1776, 1778, 1778
1779, 1782, 1782, 1783, 1784, 1784, 1786, 1787, 1787, 1788, 1789, 1789, 1790, 1791, 1792, 1792
1792, 1793, 1794, 1795, 1796, 1796, 1796, 1796, 1796, 1797, 1797, 1798, 1798, 1798, 1800, 1800
1800, 1801, 1801, 1802, 1803, 1805, 1805, 1806, 1806, 1809, 1810, 1811, 1813, 1816, 1817, 1818
1821, 1821, 1822, 1824, 1826, 1828, 1829, 1829, 1833, 1833, 1836, 1836, 1837, 1840, 1841, 1841
1843, 1844, 1844, 1846, 1847, 1847, 1849, 1849, 1850, 1855, 1855, 1855, 1858, 1862, 1863, 1864
1865, 1865, 1865, 1865, 1866, 1866, 1866, 1869, 1869, 1871, 1875, 1876, 1877, 1877, 1878, 1879
1880, 1880, 1881, 1881, 1881, 1882, 1882, 1883, 1884, 1885, 1885, 1885, 1888, 1890, 1890, 1890
1891, 1891, 1892, 1892, 1894, 1894, 1894, 1894, 1895, 1896, 1896, 1897, 1898, 1898, 1899, 1899
1900, 1901, 1902, 1903, 1903, 1904, 1906, 1909, 1910, 1911, 1911, 1912, 1913, 1913, 1914, 1914
1914, 1915, 1915, 1919, 1922, 1924, 1927, 1928, 1929, 1931, 1932, 1933, 1935, 1935, 1935, 1936
1940, 1940, 1940, 1942, 1943, 1944, 1946, 1947, 1948, 1949, 1949, 1949, 1949, 1950, 1951, 1954
1955, 1956, 1957, 1957, 1958, 1959, 1961, 1962, 1963, 1963, 1964, 1965, 1965, 1966, 1966, 1968
1969, 1969, 1973, 1973, 1974, 1974, 1976, 1978, 1980, 1981, 1982, 1983, 1984, 1985, 1985, 1987
1988, 1988, 1989, 1990, 1990, 1991, 1992, 1993, 1994, 1994, 1995, 1995, 1995, 1996, 1996, 1996
2000, 2002, 2002, 2003, 2005, 2006, 2007, 2007, 2009, 2009, 2011, 2011, 2012, 2013, 2013, 2013
2016, 2017, 2019, 2019, 2019, 2024, 2024, 2026, 2027, 2028, 2028, 2030, 2030, 2030, 2032, 2033
2034, 2035, 2037, 2038, 2041, 2042, 2043, 2043, 2044, 2048, 2048, 2055, 2056, 2058, 2058, 2059
2060, 2060, 2060, 2061, 2061, 2062, 2062, 2064, 2065, 2066, 2066, 2066, 2069, 2071, 2072, 2073
2073, 2074, 2075, 2075, 2076, 2077, 2078, 2078, 2079, 2079, 2080, 2081, 2081, 2084, 2085, 2085
2086, 2087, 2087, 2088, 2089, 2090, 2090, 2090, 2091, 2093, 2094, 2095, 2095, 2096, 2096, 2097
2098, 2099, 2099, 2104, 2105, 2105, 2106, 2106, 2109, 2109, 2109, 2111, 2111, 2111, 2111, 2111
2113, 2113, 2116, 2116, 2116, 2117, 2117, 2117, 2117, 2118, 2119, 2119, 2119, 2119, 2120, 2121
2125, 2125, 2129, 2129, 2130, 2132, 2133, 2133, 2133, 2137, 2137, 2140, 2140, 2140, 2142, 2145
2146, 2146, 2147, 2148, 2148, 2148, 2151, 2152, 2155, 2155, 2155, 2156, 2156, 2157, 2161, 2161
2161, 2162, 2162, 2162, 2163, 2163, 2163, 2164, 2164, 2165, 2167, 2168, 2169, 2169, 2170, 2171
2171, 2172, 2174, 2175, 2175, 2176, 2179, 2180, 2181, 2182, 2183, 2184, 2184, 2186, 2188, 2189
2189, 2190, 2190, 2190, 2193, 2195, 2197, 2197, 2198, 2198, 2199, 2200, 2201, 2202, 2203, 2204
2206, 2207, 2208, 2209, 2209, 2210, 2211, 2211, 2213, 2214, 2214, 2218, 2219, 2219, 2219, 2219
2219, 2223, 2224, 2225, 2225, 2226, 2228, 2228, 2228, 2229, 2230, 2231, 2232, 2232, 2232, 2233
2234, 2235, 2236, 2237, 2238, 2240, 2240, 2240, 2240, 2241, 2241, 2241, 2242, 2242, 2243, 2243
2243, 2244, 2244, 2245, 2246, 2248, 2248, 2249, 2251, 2252, 2253, 2254, 2254, 2255, 2255, 2256
2257, 2259, 2259, 2260, 2261, 2261, 2263, 2263, 2263, 2265, 2266, 2268, 2269, 2269, 2272, 2273
2275, 2275, 2278, 2278, 2279, 2279, 2280, 2280, 2280, 2281, 2281, 2286, 2286, 2288, 2288, 2290
2290, 2291, 2291, 2292, 2293, 2293, 2296, 2301, 2303, 2304, 2305, 2306, 2307, 2308, 2308, 2309
2309, 2310, 2312, 2312, 2314, 2315, 2315, 2316, 2317, 2317, 2317, 2317, 2317, 2320, 2320, 2320
2321, 2321, 2322, 2323, 2324, 2325, 2326, 2326, 2328, 2328, 2330, 2330, 2330, 2330, 2331, 2331
2332, 2333, 2334, 2336, 2340, 2341, 2342, 2348, 2348, 2349, 2349, 2350, 2351, 2351, 2352, 2352
2353, 2355, 2356, 2358, 2358, 2359, 2361, 2361, 2361, 2364, 2365, 2366, 2366, 2366, 2367, 2367
2369, 2370, 2371, 2372, 2372, 2372, 2372, 2373, 2376, 2381, 2381, 2383, 2383, 2383, 2383, 2384
2384, 2385, 2387, 2388, 2390, 2390, 2391, 2392, 2392, 2393, 2394, 2396, 2397, 2398, 2399, 2400
2401, 2401, 2408, 2411, 2412, 2412, 2412, 2413, 2415, 2416, 2418, 2419, 2419, 2420, 2421, 2421
2422, 2423, 2424, 2424, 2424, 2424, 2426, 2428, 2428, 2429, 2431, 2432, 2433, 2439, 2439, 2441
2442, 2442, 2444, 2448, 2449, 2450, 2451, 2452, 2452, 2454, 2454, 2456, 2456, 2458, 2458, 2458
2459, 2460, 2460, 2462, 2462, 2462, 2463, 2464, 2467, 2467, 2469, 2471, 2471, 2471, 2474, 2476
2478, 2479, 2480, 2480, 2481, 2482, 2485, 2485, 2485, 2486, 2486, 2488, 2488, 2489, 2492, 2496
2497, 2497, 2498, 2498, 2498, 2499, 2501, 2506, 2506, 2507, 2507, 2509, 2510, 2510, 2511, 2514
2514, 2514, 2517, 2517, 2518, 2518, 2521, 2521, 2522, 2523, 2525, 2525, 2526, 2526, 2527, 2528
2529, 2530, 2530, 2530, 2531, 2533, 2536, 2536, 2537, 2538, 2538, 2539, 2540, 2542, 2542, 2544
2544, 2546, 2548, 2549, 2549, 2550, 2551, 2552, 2553, 2553, 2554, 2555, 2556, 2558, 2558, 2559
2560, 2561, 2561, 2561, 2562, 2564, 2565, 2566, 2567, 2567, 2570, 2570, 2570, 2570, 2571, 2572
2573, 2573, 2573, 2573, 2575, 2576, 2576, 2576, 2577, 2577, 2578, 2579, 2579, 2579, 2580, 2580
2580, 2582, 2583, 2584, 2587, 2589, 2591, 2594, 2595, 2597, 2597, 2597, 2598, 2599, 2602, 2602
2607, 2609, 2610, 2612, 2614, 2614, 2614, 2614, 2614, 2615, 2615, 2616, 2617, 2619, 2622, 2622
2622, 2623, 2624, 2627, 2629, 2632, 2632, 2636, 2638, 2638, 2640, 2640, 2642, 2643, 2644, 2644
2648, 2648, 2649, 2650, 2651, 2651, 2651, 2652, 2652, 2653, 2653, 2655, 2656, 2658, 2661, 2662
2663, 2664, 2664, 2665, 2665, 2666, 2667, 2668, 2669, 2670, 2670, 2671, 2672, 2673, 2673, 2673
2674, 2677, 2678, 2679, 2679, 2680, 2680, 2680, 2682, 2683, 2684, 2684, 2684, 2684, 2685, 2688
2688, 2689, 2689, 2691, 2691, 2691, 2693, 2693, 2693, 2698, 2700, 2700, 2701, 2703, 2705, 2706
2708, 2709, 2709, 2710, 2711, 2713, 2713, 2714, 2715, 2716, 2717, 2717, 2717, 2717, 2719, 2719
2719, 2719, 2720, 2720, 2721, 2721, 2723, 2724, 2725, 2725, 2726, 2728, 2729, 2730, 2730, 2730
2734, 2737, 2737, 2737, 2738, 2739, 2741, 2742, 2744, 2744, 2745, 2745, 2749, 2750, 2750, 2751
2753, 2753, 2754, 2755, 2755, 2755, 2755, 2756, 2758, 2758, 2759, 2761, 2762, 2763, 2763, 2763
2764, 2765, 2765, 2765, 2766, 2767, 2767, 2768, 2768, 2768, 2768, 2771, 2771, 2771, 2772, 2774
2774, 2775, 2777, 2780, 2783, 2785, 2786, 2787, 2787, 2787, 2788, 2788, 2788, 2788, 2788, 2790
2793, 2794, 2795, 2795, 2797, 2797, 2798, 2799, 2799, 2801, 2801, 2801, 2801, 2802, 2803, 2803
2804, 2805, 2805, 2805, 2805, 2805, 2808, 2808, 2811, 2813, 2813, 2814, 2814, 2814, 2815, 2816
2818, 2820, 2820, 2821, 2822, 2824, 2824, 2825, 2825, 2825, 2826, 2827, 2828, 2831, 2832, 2834
2835, 2836, 2838, 2838, 2838, 2840, 2841, 2841, 2844, 2844, 2845, 2845, 2845, 2845, 2846, 2847
2848, 2848, 2848, 2850, 2851, 2851, 2852, 2853, 2854, 2855, 2855, 2857, 2857, 2858, 2858, 2859
2860, 2860, 2860, 2861, 2861, 2862, 2862, 2863, 2864, 2864, 2865, 2866, 2866, 2867, 2868, 2870
2871, 2872, 2873, 2874, 2876, 2877, 2878, 2878, 2880, 2882, 2882, 2883, 2883, 2883, 2886, 2888
2889, 2890, 2890, 2892, 2893, 2894, 2895, 2896, 2897, 2898, 2899, 2903, 2903, 2904, 2904, 2908
2909, 2910, 2910, 2912, 2913, 2914, 2915, 2916, 2917, 2919, 2920, 2922, 2923, 2923, 2924, 2925
2927, 2927, 2930, 2930, 2932, 2933, 2934, 2936, 2936, 2940, 2940, 2942, 2943, 2944, 2944, 2945
2945, 2945, 2947, 2948, 2948, 2948, 2948, 2949, 2952, 2953, 2953, 2953, 2956, 2957, 2958, 2959
2959, 2960, 2960, 2962, 2963, 2963, 2963, 2963, 2964, 2966, 2968, 2968, 2968, 2973, 2975, 2978
2979, 2980, 2980, 2980, 2981, 2983, 2983, 2983, 2984, 2984, 2984, 2984, 2985, 2985, 2989, 2989
2990, 2991, 2992, 2993, 2993, 2993, 2995, 2998, 2999, 3000, 3000, 3001, 3008, 3008, 3009, 3009
3010, 3018, 3019, 3021, 3022, 3024, 3024, 3025, 3025, 3026, 3026, 3027, 3029, 3030, 3032, 3033
3033, 3033, 3038, 3038, 3038, 3040, 3040, 3042, 3042, 3043, 3044, 3048, 3049, 3049, 3051, 3051
3051, 3053, 3054, 3054, 3057, 3057, 3059, 3060, 3062, 3062, 3064, 3064, 3065, 3065, 3066, 3067
3067, 3067, 3068, 3071, 3071, 3071, 3072, 3073, 3074, 3075, 3076, 3077, 3078, 3079, 3080, 3082
3082, 3084, 3084, 3085, 3085, 3087, 3089, 3089, 3089, 3091, 3093, 3094, 3095, 3097, 3097, 3097
3098, 3098, 3099, 3100, 3101, 3101, 3101, 3101, 3101, 3102, 3103, 3105, 3106, 3106, 3106, 3107
3107, 3107, 3107, 3108, 3108, 3108, 3109, 3109, 3110, 3110, 3111, 3111, 3113, 3116, 3117, 3117
3118, 3119, 3121, 3122, 3123, 3126, 3126, 3130, 3130, 3130, 3134, 3134, 3137, 3138, 3138, 3138
3143, 3144, 3144, 3146, 3147, 3149, 3150, 3152, 3153, 3156, 3157, 3157, 3158, 3158, 3159, 3159
3159, 3163, 3163, 3163, 3164, 3164, 3164, 3168, 3169, 3169, 3174, 3176, 3176, 3177, 3177, 3177
3177, 3178, 3178, 3178, 3179, 3181, 3182, 3183, 3185, 3186, 3187, 3188, 3188, 3189, 3189, 3191
3191, 3192, 3194, 3194, 3195, 3196, 3196, 3197, 3197, 3198, 3199, 3201, 3202, 3203, 3203, 3204
3204, 3204, 3204, 3204, 3205, 3207, 3207, 3208, 3208, 3208, 3209, 3210, 3212, 3213, 3213, 3216
3217, 3217, 3218, 3218, 3218, 3218, 3219, 3221, 3221, 3221, 3222, 3222, 3222, 3223, 3223, 3224
3227, 3228, 3229, 3229, 3231, 3231, 3233, 3233, 3233, 3235, 3236, 3236, 3239, 3243, 3243, 3243
3243, 3244, 3245, 3245, 3246, 3247, 3247, 3247, 3248, 3248, 3249, 3250, 3251, 3253, 3254, 3255
3255, 3259, 3259, 3259, 3260, 3260, 3262, 3262, 3265, 3265, 3267, 3268, 3268, 3271, 3271, 3274
3274, 3274, 3277, 3279, 3282, 3283, 3284, 3287, 3288, 3288, 3293, 3294, 3294, 3295, 3298, 3301
3302, 3302, 3304, 3305, 3306, 3307, 3307, 3308, 3312, 3313, 3314, 3315, 3317, 3317, 3320, 3321
3322, 3324, 3325, 3325, 3325, 3326, 3326, 3326, 3327, 3327, 3327, 3327, 3328, 3329, 3329, 3331
3331, 3331, 3333, 3333, 3333, 3335, 3336, 3339, 3340, 3341, 3344, 3346, 3346, 3347, 3348, 3348
3348, 3349, 3349, 3350, 3352, 3354, 3357, 3357, 3358, 3358, 3358, 3359, 3359, 3359, 3360, 3360
3360, 3361, 3361, 3362, 3362, 3362, 3364, 3364, 3365, 3366, 3366, 3366, 3369, 3369, 3369, 3370
3370, 3372, 3372, 3373, 3376, 3377, 3378, 3379, 3380, 3381, 3381, 3382, 3382, 3384, 3384, 3384
3384, 3384, 3385, 3386, 3386, 3387, 3387, 3387, 3388, 3388, 3389, 3393, 3393, 3394, 3394, 3395
3395, 3396, 3397, 3397, 3398, 3400, 3401, 3401, 3401, 3402, 3403, 3404, 3406, 3406, 3409, 3412
3413, 3413, 3414, 3414, 3414, 3415, 3415, 3415, 3418, 3418, 3418, 3418, 3418, 3418, 3420, 3422
3423, 3423, 3424, 3425, 3426, 3427, 3428, 3429, 3429, 3430, 3431, 3435, 3435, 3436, 3437, 3438
3439, 3439, 3440, 3441, 3443, 3444, 3447, 3448, 3448, 3449, 3449, 3450, 3451, 3452, 3453, 3454
3455, 3456, 3456, 3457, 3458, 3458, 3459, 3460, 3460, 3461, 3461, 3464, 3465, 3467, 3467, 3467
3468, 3468, 3469, 3469, 3471, 3473, 3474, 3475, 3476, 3479, 3480, 3481, 3482, 3482, 3483, 3484
3484, 3484, 3485, 3486, 3486, 3486, 3487, 3487, 3489, 3491, 3491, 3492, 3492, 3494, 3495, 3496
3496, 3497, 3497, 3498, 3498, 3499, 3501, 3502, 3502, 3502, 3503, 3506, 3508, 3508, 3509, 3509
3511, 3511, 3512, 3512, 3513, 3514, 3517, 3518, 3518, 3521, 3522, 3523, 3523, 3523, 3524, 3524
3528, 3528, 3528, 3529, 3530, 3530, 3533, 3535, 3535, 3538, 3540, 3541, 3542, 3542, 3544, 3545
3545, 3547, 3548, 3549, 3551, 3551, 3552, 3552, 3553, 3555, 3555, 3556, 3558, 3560, 3560, 3560
3563, 3564, 3564, 3564, 3566, 3567, 3567, 3567, 3568, 3569, 3569, 3570, 3573, 3574, 3579, 3579
3580, 3582, 3583, 3584, 3587, 3589, 3591, 3592, 3593, 3593, 3594, 3594, 3594, 3594, 3595, 3597
3599, 3600, 3602, 3603, 3603, 3605, 3606, 3607, 3608, 3609, 3609, 3609, 3609, 3610, 3611, 3611
3613, 3614, 3616, 3618, 3620, 3621, 3621, 3622, 3623, 3624, 3625, 3627, 3630, 3632, 3632, 3633
3633, 3636, 3636, 3637, 3639, 3640, 3640, 3643, 3644, 3645, 3646, 3646, 3646, 3647, 3649, 3649
3650, 3652, 3652, 3654, 3654, 3654, 3658, 3658, 3659, 3659, 3660, 3661, 3662, 3662, 3664, 3664
3664, 3665, 3666, 3666, 3668, 3669, 3669, 3669, 3671, 3671, 3673, 3674, 3675, 3675, 3675, 3676
3676, 3677, 3677, 3678, 3680, 3680, 3681, 3681, 3683, 3684, 3686, 3689, 3689, 3691, 3693, 3695
3696, 3696, 3697, 3698, 3698, 3699, 3700, 3700, 3700, 3701, 3701, 3702, 3702, 3702, 3703, 3703
3704, 3704, 3705, 3706, 3706, 3707, 3708, 3710, 3712, 3713, 3715, 3715, 3718, 3719, 3719, 3720
3720, 3721, 3722, 3728, 3728, 3731, 3732, 3733, 3734, 3735, 3735, 3736, 3738, 3738, 3739, 3739
3741, 3742, 3745, 3745, 3748, 3750, 3750, 3751, 3751, 3751, 3752, 3752, 3752, 3753, 3759, 3759
3759, 3760, 3760, 3765, 3765, 3767, 3767, 3768, 3768, 3768, 3769, 3771, 3772, 3774, 3775, 3778
3779, 3779, 3780, 3781, 3781, 3781, 3781, 3783, 3783, 3783, 3785, 3786, 3787, 3791, 3793, 3797
3800, 3803, 3804, 3805, 3805, 3805, 3805, 3805, 3807, 3807, 3808, 3809, 3809, 3811, 3812, 3813
3813, 3815, 3815, 3817, 3817, 3820, 3820, 3824, 3824, 3825, 3827, 3828, 3830, 3831, 3831, 3832
3832, 3836, 3836, 3837, 3838, 3839, 3839, 3839, 3839, 3843, 3844, 3844, 3847, 3849, 3849, 3850
3850, 3851, 3852, 3852, 3853, 3853, 3853, 3855, 3857, 3859, 3859, 3860, 3863, 3864, 3865, 3870
3871, 3872, 3872, 3872, 3873, 3874, 3875, 3880, 3880, 3881, 3881, 3882, 3885, 3885, 3889, 3889
3889, 3889, 3890, 3891, 3892, 3896, 3896, 3897, 3897, 3898, 3899, 3900, 3900, 3902, 3904, 3906
3907, 3907, 3909, 3909, 3910, 3911, 3911, 3912, 3912, 3913, 3913, 3913, 3914, 3916, 3916, 3919
3919, 3921, 3922, 3923, 3923, 3924, 3924, 3926, 3927, 3928, 3929, 3929, 3931, 3931, 3931, 3932
3932, 3933, 3934, 3934, 3935, 3935, 3936, 3936, 3937, 3937, 3938, 3939, 3940, 3942, 3943, 3943
3944, 3945, 3945, 3949, 3949, 3952, 3953, 3954, 3954, 3954, 3956, 3959, 3961, 3962, 3962, 3964
3967, 3968, 3969, 3970, 3970, 3971, 3971, 3971, 3974, 3975, 3975, 3977, 3977, 3978, 3979, 3981
3982, 3987, 3988, 3988, 3989, 3993, 3995, 3996, 3996, 3996, 3996, 3998, 3998, 4000, 4000, 4000
4001, 4002, 4003, 4004, 4004, 4005, 4005, 4005, 4006, 4007, 4009, 4010, 4013, 4014, 4015, 4015
4015, 4017, 4017, 4018, 4020, 4021, 4022, 4026, 4027, 4027, 4027, 4030, 4031, 4032, 4033, 4033
4035, 4037, 4037, 4041, 4043, 4044, 4044, 4045, 4045, 4045, 4047, 4048, 4049, 4049, 4049, 4051
4051, 4054, 4056, 4058, 4059, 4060, 4060, 4062, 4064, 4064, 4064, 4066, 4066, 4066, 4067, 4067
4067, 4069, 4069, 4071, 4072, 4072, 4073, 4073, 4073, 4074, 4075, 4076, 4077, 4077, 4078, 4078
4079, 4081, 4082, 4084, 4084, 4084, 4085, 4086, 4087, 4087, 4087, 4088, 4088, 4091, 4093, 4094
